8363710
3833995
2853114
2242193
1567924
1447395
1351305
1279910
1279329
948279
912062
808976
807815
798382
757688
754885
703073
687456
669651
636919
613190
609023
604477
598707
598541
596462
591833
558383
557706
557224
551789
541811
537958
521999
476050
463794
463789
463552
451572
438646
433748
433746
413201
404155
392552
385635
382605
380307
374676
374417
366046
354361
340882
339130
335288
333336
321078
319057
311853
310037
295357
293201
287037
286462
282114
279590
279243
278980
270919
267480
252064
251624
251591
251522
250642
247140
245314
241114
235371
234220
231916
230519
228798
223689
223284
221659
220483
220111
219318
218577
217600
217253
217016
216449
210542
209969
207510
207500
206886
205314
202967
202867
202696
202319
202002
201588
201358
199729
198580
197181
197176
197052
194149
193396
192620
191022
190871
189515
187236
186984
185717
184984
184802
183126
181698
179614
176645
175523
175494
175011
174091
173861
171922
171782
171691
171557
171231
171176
170880
169684
169500
165796
163186
160641
157960
157272
156835
156206
155796
154997
154353
154200
153435
152699
150640
150104
149923
146439
146125
145661
145643
145494
145469
143885
143640
143197
143117
143080
142562
142061
141740
140989
140820
138068
137103
136509
136405
136392
133939
133003
132410
132123
132109
131868
129776
129545
128056
127160
127029
125783
125595
124755
124062
124009
123771
123669
123447
123446
123091
121791
121211
121160
121040
120543
119993
119735
119454
119303
118581
117352
116934
116484
116309
114916
114729
114386
114114
113968
113656
113429
113398
112900
112714
112660
111978
110553
110440
110318
110200
110080
109346
108586
108484
107587
107361
107250
107056
107037
106957
106561
106330
105790
105774
105596
104951
104447
104446
103994
103817
103807
103706
103683
103615
102982
102968
102285
101943
101835
101753
101624
101589
101514
101371
101221
101202
101025
100827
100786
100733
100577
100413
100219
100192
