33200000
17800000
17700000
17500000
17400000
16425000
14750000
14350000
14300000
14250000
13400000
12700000
12200000
11789000
11200000
10800000
10500000
10000000
9800000
9645000
9000000
9000000
8614000
8308000
8278000
8000000
7350000
7250000
7000000
7000000
6500000
6000000
5950000
5700000
5500000
5425000
5400000
5300000
5300000
5149000
5100000
5000000
4919000
4900000
4900000
4750000
4400000
4367000
4250000
4200000
4146000
4032000
4000000
4000000
4000000
4000000
3934000
3903000
3900000
3823000
3685000
3675000
3502000
3500000
3500000
3229000
3216000
3200000
3162000
3100000
3025000
2907000
2900000
2800000
2750000
2750000
2712000
2700000
2674000
2650000
2500000
2500000
2400000
2389000
2300000
2284000
2260000
2250000
2245000
2217000
2200000
2200000
2150000
2100000
2078000
2076000
2075000
2062000
2000000
2000000
1985000
1960000
1925000
1900000
1850000
1830000
1800000
1800000
1787000
1753000
1750000
1750000
1625000
1600000
1600000
1583000
1570000
1550000
1538000
1525000
1525000
1508000
1507000
1503000
1500000
1500000
1500000
1500000
1499000
1475000
1400000
1400000
1394000
1393000
1362000
1350000
1350000
1349000
1328000
1325000
1314000
1309000
1250000
1219000
1200000
1200000
1177000
1175000
1157000
1133000
1075000
1050000
1050000
1035000
1009000
1002000
1000000
977000
972000
915000
902000
900000
889000
889000
888000
882000
879000
864000
852000
828000
819000
782000
761000
759000
754000
750000
747000
720000
718000
703000
694000
675000
664000
635000
627000
627000
600000
598000
585000
576000
574000
570000
559000
559000
558000
553000
550000
545000
542000
539000
531000
523000
520000
519000
503000
479000
466000
430000
423000
422000
422000
421000
420000
418000
417000
402000
393000
385000
365000
363000
360000
357000
352000
344000
336000
335000
330000
324000
324000
318000
302000
300000
299000
299000
298000
293000
288000
276000
276000
275000
271000
267000
259000
254000
244000
222000
221000
213000
188000
181000