22272 
20298 
20004 
18924 
18717 
18423 
18158 
18149 
17783 
17337 
16942 
16548 
16281 
16060 
15620 
15411 
14952 
14526 
13705 
13124 
13087 
12996 
12872 
12848 
12754 
12700 
12556 
12538 
12372 
11644 
11569 
11493 
11342 
10427 
10369 
10227 
9856 
9820 
9779 
9707 
9706 
9516 
9298 
9259 
9249 
9190 
9081 
8968 
8693 
8423 
8337 
8234 
8193 
7954 
7903 
7850 
7741 
7720 
7628 
7573 
7365 
7242 
7182 
7064 
6989 
6950 
6925 
6504 
6469 
6250 
6205 
6022 
5998 
5968 
5893 
5869 
5762 
5697 
5697 
5662 
5595 
5464 
5377 
5333 
5332 
5322 
5190 
5126 
5078 
5040 
5010 
4992 
4912 
4786 
4718 
4677 
4652 
4500 
4449 
4445 
4385 
4324 
4272 
4175 
4120 
4076 
4020 
4009 
3960 
3887 
3751 
3745 
3703 
3691 
3662 
3618 
3618 
3540 
3532 
3528 
3473 
3464 
3448 
3428 
3327 
3323 
3279 
3236 
3215 
3184 
3123 
3083 
3041 
3018 
2994 
2938 
2927 
2927 
2873 
2871 
2847 
2832 
2831 
2826 
2823 
2820 
2791 
2739 
2730 
2682 
2653 
2569 
2526 
2521 
2518 
2489 
2488 
2472 
2465 
2430 
2405 
2404 
2395 
2355 
2339 
2334 
2334 
2319 
2318 
2318 
2312 
2311 
2297 
2274 
2242 
2224 
2204 
2203 
2202 
2163 
2153 
2140 
2139 
2129 
2129 
2118 
2115 
2093 
2085 
2082 
2065 
2055 
2046 
2033 
2031 
2023 
2020 
1975 
1953 
1939 
1935 
1920 
1913 
1912 
1904 
1863 
1860 
1837 
1828 
1807 
1796 
1795 
1774 
1767 
1743 
1731 
1725 
1723 
1714 
1681 
1680 
1659 
1655 
1650 
1650 
1609 
1602 
1600 
1581 
1574 
1572 
1572 
1561 
1560 
1544 
1533 
1529 
1523 
1519 
1518 
1516 
1485 
1482 
1465 
1456 
1452 
1407 
1401 
1391 
1389 
1377 
1370 
1370 
1368 
1363 
1350 
1340 
1340 
1336 
1332 
1332 
1327 
1303 
1295 
1293 
1288 
1286 
1279 
1275 
1269 
1254 
1246 
1243 
1232 
1227 
1221 
1211 
1206 
1203 
1197 
1196 
1196 
1187 
1183 
1182 
1173 
1170 
1167 
1166 
1165 
1131 
1130 
1127 
1125 
1123 
1112 
1111 
1109 
1101 
1098 
1095 
1091 
1088 
1088 
1081 
1078 
1075 
1069 
1065 
1063 
1062 
1055 
1053 
1052 
1048 
1044 
1043 
1039 
1039 
1038 
1030 
1016 
1015 
1013 
1009 
1008 
1006 
999 
990 
989 
983 
983 
982 
982 
976 
966 
962 
960 
959 
958 
954 
952 
950 
943 
939 
936 
932 
931 
926 
912 
892 
889 
887 
874 
874 
870 
868 
864 
858 
857 
857 
853 
852 
849 
844 
841 
834 
832 
822 
820 
820 
818 
818 
818 
817 
813 
803 
802 
800 
799 
798 
797 
796 
794 
790 
782 
781 
779 
770 
763 
763 
758 
756 
750 
746 
745 
742 
735 
734 
733 
731 
728 
722 
721 
721 
720 
719 
718 
717 
716 
715 
714 
712 
712 
709 
705 
705 
698 
691 
691 
687 
685 
684 
677 
677 
674 
668 
667 
667 
665 
664 
663 
661 
657 
656 
656 
648 
648 
648 
643 
637 
632 
630 
627 
625 
625 
621 
621 
620 
612 
611 
611 
606 
604 
604 
602 
601 
601 
595 
594 
594 
591 
588 
587 
586 
585 
582 
581 
580 
580 
580 
579 
578 
576 
576 
575 
574 
573 
573 
569 
568 
567 
564 
564 
563 
562 
560 
556 
555 
553 
553 
549 
549 
548 
546 
545 
544 
543 
540 
539 
538 
538 
538 
537 
533 
531 
530 
530 
529 
526 
526 
524 
522 
520 
520 
520 
517 
517 
516 
515 
514 
513 
512 
507 
505 
503 
503 
498 
494 
494 
494 
492 
492 
492 
489 
487 
484 
482 
480 
479 
479 
478 
478 
476 
475 
474 
473 
472 
472 
472 
471 
470 
470 
469 
468 
467 
463 
461 
459 
459 
458 
456 
455 
454 
453 
453 
451 
451 
449 
447 
446 
445 
445 
442 
442 
440 
439 
437 
436 
435 
434 
433 
432 
428 
427 
425 
425 
424 
424 
421 
421 
418 
417 
415 
415 
415 
414 
414 
413 
412 
412 
412 
412 
412 
411 
408 
408 
407 
406 
405 
401 
401 
400 
398 
397 
396 
396 
396 
394 
393 
393 
392 
391 
390 
390 
389 
387 
387 
386 
383 
381 
381 
377 
377 
377 
376 
376 
376 
375 
375 
375 
374 
374 
372 
372 
372 
370 
370 
369 
368 
367 
367 
367 
367 
365 
363 
362 
362 
362 
360 
360 
360 
359 
359 
358 
358 
358 
356 
355 
355 
355 
355 
354 
353 
353 
352 
351 
351 
350 
350 
348 
347 
345 
345 
345 
344 
342 
342 
341 
339 
339 
338 
337 
335 
334 
334 
334 
333 
332 
332 
331 
330 
329 
328 
326 
326 
325 
324 
324 
323 
323 
322 
322 
320 
320 
320 
319 
319 
318 
317 
317 
316 
316 
316 
315 
313 
312 
312 
312 
311 
310 
309 
308 
308 
308 
306 
305 
305 
304 
302 
302 
302 
301 
300 
299 
297 
297 
296 
296 
296 
296 
294 
293 
292 
291 
291 
290 
289 
289 
288 
288 
287 
286 
286 
286 
285 
285 
285 
285 
284 
283 
283 
282 
282 
282 
281 
281 
281 
280 
280 
278 
277 
277 
275 
275 
275 
274 
274 
274 
273 
273 
273 
273 
273 
272 
272 
272 
271 
271 
270 
269 
269 
269 
269 
268 
268 
267 
267 
267 
266 
266 
266 
266 
265 
265 
265 
264 
264 
264 
263 
262 
262 
262 
262 
262 
261 
261 
261 
260 
260 
259 
257 
257 
257 
257 
257 
257 
257 
256 
255 
255 
255 
254 
252 
251 
251 
250 
250 
249 
247 
247 
247 
247 
246 
246 
245 
245 
244 
244 
244 
244 
244 
244 
243 
243 
242 
241 
241 
240 
240 
240 
240 
239 
239 
238 
238 
238 
238 
237 
237 
237 
235 
235 
234 
233 
233 
233 
232 
232 
231 
231 
231 
230 
230 
229 
229 
229 
229 
228 
228 
228 
228 
227 
226 
225 
225 
224 
223 
223 
222 
222 
222 
222 
221 
221 
220 
220 
219 
219 
219 
218 
218 
218 
218 
217 
217 
216 
216 
215 
215 
215 
215 
215 
214 
214 
214 
213 
213 
213 
212 
212 
212 
212 
212 
211 
211 
211 
210 
210 
209 
209 
209 
208 
208 
208 
207 
207 
207 
206 
206 
205 
205 
205 
204 
204 
204 
204 
204 
203 
203 
203 
203 
203 
202 
202 
202 
202 
201 
201 
200 
200 
199 
199 
198 
198 
197 
196 
196 
196 
195 
194 
194 
194 
194 
194 
194 
192 
192 
192 
192 
