18587
18377
17217
16853
16850
16845
15887
14901
11815
11699
11067
10664
10081
10068
9601
9537
9417
9311
9242
8904
8886
8266
8160
8031
7788
7146
7029
6743
6726
6388
6235
6178
6048
5990
5939
5896
5877
5758
5701
5545
5539
5498
5440
5398
5284
5284
5249
5233
5212
5163
5140
5127
5062
5040
4884
4767
4764
4705
4687
4683
4560
4548
4522
4512
4425
4365
4324
4291
4243
4226
4219
4198
4166
4014
4003
3996
3985
3978
3976
3932
3865
3861
3816
3742
3670
3626
3623
3608
3601
3565
3554
3545
3537
3492
3490
3450
3428
3408
3391
3371
3301
3290
3289
3280
3276
3240
3201
3199
3119
3110
3075
3029
2979
2925
2921
2907
2891
2862
2856
2832
2770
2747
2709
2692
2656
2641
2624
2622
2611
2605
2594
2516
2504
2482
2479
2467
2416
2407
2390
2379
2362
2355
2355
2353
2334
2328
2295
2286
2281
2267
2258
2243
2237
2216
2151
2134
2126
2125
2085
2077
2058
2048
2042
2038
2033
2014
1969
1956
1926
1924
1922
1892
1882
1882
1872
1864
1841
1836
1836
1827
1809
1808
1805
1797
1791
1791
1789
1783
1781
1745
1728
1726
1721
1705
1699
1687
1667
1662
1656
1643
1640
1637
1630
1628
1627
1622
1616
1607
1602
1602
1601
1597
1593
1585
1577
1536
1534
1532
1523
1508
1499
1494
1490
1489
1488
1481
1472
1471
1464
1455
1454
1452
1451
1451
1449
1434
1431
1425
1419
1418
1412
1410
1409
1403
1395
1394
1393
1392
1383
1354
1352
1347
1338
1326
1325
1321
1319
1319
1315
1312
1312
1296
1293
1281
1276
1268
1262
1257
1245
1244
1241
1239
1236
1235
1222
1218
1216
1210
1208
1206
1200
1195
1181
1168
1163
1163
1161
1158
1148
1147
1136
1134
1118
1117
1116
1109
1108
1106
1106
1094
1093
1087
1082
1082
1081
1080
1080
1070
1068
1060
1058
1056
1055
1053
1052
1050
1049
1045
1045
1037
1034
1033
1027
1022
1022
1013
1010
1006
1006
1005
1003
1002
997
994
988
973
973
971
971
965
960
956
955
955
953
952
951
948
944
944
942
938
929
927
918
913
909
907
906
902
900
899
898
890
883
880
879
878
877
875
874
874
874
870
869
869
859
856
847
839
837
837
837
830
824
823
821
820
820
819
818
817
815
810
806
803
799
799
796
796
793
791
790
790
786
785
782
776
772
770
769
767
767
766
766
766
764
763
760
760
758
758
756
752
736
732
731
731
728
726
724
724
724
723
721
719
719
716
716
716
711
711
706
703
699
697
695
694
693
691
690
687
687
687
683
683
682
679
678
678
676
675
672
672
672
670
670
669
668
666
664
663
663
662
658
657
654
654
653
650
650
647
644
644
639
638
637
636
635
635
634
633
631
629
629
625
624
622
618
618
615
614
610
610
610
609
606
605
603
601
598
597
593
592
592
592
588
588
585
583
583
581
579
577
574
572
572
572
572
569
568
568
567
567
566
565
564
564
563
562
561
559
559
558
556
555
554
553
552
552
550
549
548
548
548
547
546
546
543
541
541
540
539
538
537
537
536
536
536
534
533
532
531
530
529
529
527
527
527
527
527
525
524
524
524
523
523
522
521
521
521
520
518
516
515
514
514
512
508
505
504
504
503
502
501
500
496
496
496
494
493
493
492
492
492
490
490
490
488
488
488
487
487
487
486
484
482
482
482
482
481
481
480
479
479
478
477
476
475
474
474
473
473
472
471
471
471
470
470
468
468
467
463
463
462
462
461
461
460
459
459
459
459
458
458
457
456
454
454
452
450
449
448
446
445
443
443
442
442
442
439
439
438
438
438
437
437
437
436
436
435
432
432
430
429
429
428
427
427
425
425
424
421
421
418
418
417
417
416
415
414
414
412
411
411
410
410
410
409
409
408
408
407
406
406
405
404
404
404
403
403
402
401
400
400
399
396
396
396
396
396
395
395
395
392
392
390
390
389
389
389
388
387
387
385
385
385
384
384
384
382
381
380
379
378
376
376
376
376
376
375
374
374
374
373
373
373
373
372
372
370
370
369
369
369
367
366
365
365
364
363
361
360
360
360
359
359
358
356
355
354
354
354
353
353
352
352
351
351
351
350
350
350
348
348
348
347
346
345
345
345
344
344
342
342
341
341
340
340
338
338
337
336
336
336
336
336
333
333
333
332
332
332
331
328
328
328
327
327
327
326
326
325
325
324
323
322
322
321
321
319
319
318
318
318
317
317
317
317
317
316
316
316
314
313
313
313
313
313
313
312
312
311
311
311
311
310
309
309
308
308
308
307
307
306
306
306
306
306
305
304
303
303
303
301
301
300
300
300
299
299
298
297
297
296
296
295
295
294
294
294
293
292
292
292
292
291
291
290
290
290
290
289
289
289
288
288
287
287
287
286
286
286
285
282
282
282
281
281
281
280
279
279
278
277
277
277
277
276
276
276
276
275
275
275
274
274
274
274
273
273
272
272
271
270
270
270
270
269
268
268
268
267
267
267
267
266
266
265
265
265
265
265
265
264
263
263
262
262
261
