10
4
12
5
7
8
5
15
11
3
3
2
6
2
9
6
6
3
9
7
7
13
7
11
6
12
14
4
15
9
12
6
11
9
8
6
9
7
10
5
9
12
3
6
5
13
8
5
9
12
6
7
8
12
6
7
9
12
9
11
8
8
3
9
13
13
8
5
13
5
13
10
10
10
7
13
37
8
9
8
6
12
7
8
8
8
7
4
2
12
15
10
9
23
13
14
24
13
10
9
15
25
24
23
16
12
12
12
24
14
9
18
18
19
27
27
39
46
46
30
26
69
72
47
61
32
34
38
89
57
71
63
60
31
45
38
45
53
46
64
47
40
65
59
65
62
59
39
73
82
65
95
75
74
54
60
78
68
83
89
59
76
82
104
92
74
91
80
80
82
90
76
86
78
67
60
76
62
76
85
79
72
72
85
77
62
78
69
78
83
96
90
100
88
98
94
82
87
111
126
118
120
101
73
79
110
87
97
95
98
78
119
111
113
144
109
108
87
133
109
96
112
139
108
92
129
151
176
127
132
129
115
132
152
147
144
145
119
113
115
134
130
130
136
152
133
141
149
157
157
141
109
137
159
184
172
158
122
131
130
154
144
177
147
130
122
129
121
101
113
132
136
113
112
145
152
156
151
161
138
108
165
192
197
191
181
158
148
202
182
188
185
164
161
177
188
208
194
179
162
137
147
181
180
146
180
178
135
166
200
183
148
177
164
197
272
302
259
276
274
254
235
201
258
253
249
228
222
198
217
287
241
252
243
274
228
210
262
287
312
287
261
264
266
273
288
250
252
280
248
313
314
291
313
372
268
286
287
241
219
157
259
244
271
309
269
382
334
254
197
21
446
257
285
322
370
353
348
419
431
446
433
440
412
390
446
533
496
470
460
517
464
467
484
539
530
509
523
457
464
460
539
546
538
478
521
463
601
504
499
436
517
476
434
558
628
603
636
640
539
553
603
675
696
635
575
537
562
678
704
701
651
612
585
548
657
678
745
721
702
590
680
758
803
678
835
764
707
678
842
892
856
823
799
722
702
845
951
929
888
851
840
695
963
898
905
924
907
872
809
979
1184
1157
1172
1050
938
1002
1200
1152
993
911
854
999
1021
1159
1160
1152
1055
1135
1037
1087
1241
1341
1236
1222
1191
1107
1119
1358
1433
1339
1351
1275
1154
1014
1403
1498
1515
1439
1420
1256
1221
1434
1605
1735
1670
1542
1445
1389
1758
1789
1636
1828
1684
1506
1449
1683
1630
1928
1788
1874
1621
1605
2484
2060
2215
2080
2205
1870
1686
2073
2302
2217
2271
2304
1993
1810
2052
2332
2418
1861
2464
2171
1949
2464
2598
2602
2422
2402
2021
1747
2149
2125
2398
2280
2307
2110
1861
1923
2036
1982
1890
1943
1883
1686
1791
1725
2227
2213
2255
2113
1541
2086
2514
2364
2204
2295
2166
1966
2201
2072
1900
2300
2348
2056
2033
2350
2256
2136
2185
1798
1344
648
764
1333
923
780
692
590
713
712
703
458
585
575
527
631
697
694
717
753
731
661
698
828
790
744
783
737
581
622
896
803
804
817
695
661
695
858
842
763
731
860
695
675
901
844
687
753
727
612
621
828
930
839
794
728
579
597
800
880
282
687
603
680
744
814
974
937
832
775
728
679
812
921
882
824
763
611
585
656
661
659
677
592
618
644
797
720
723
621
610
621
616
684
643
587
600
533
436
598
745
729
789
758
626
613
615
771
749
810
676
488
611
551
650
485
515
618
754
739
695
844
652
906
1040
1014
859
831
924
736
918
930
869
787
773
1047
880
993
919
908
856
868
992
1200
1098
934
954
848
825
1014
1073
1022
1020
1008
848
796
922
739
928
919
889
814
820
840
948
1023
885
784
790
772
1021
1207
1099
1102
1030
904
862
946
1031
944
970
960
810
837
923
1018
937
929
904
730
748
930
884
917
967
930
804
752
1008
1088
1178
1062
1039
849
878
1070
1159
1067
1186
1048
966
908
1106
1229
1094
1292
1186
963
1015
1167
1306
1265
1152
1152
994
954
1165
1074
1016
971
1003
841
912
1158
1147
1074
1134
1048
876
882
1142
1086
1094
1070
1084
902
841
1032
1185
1102
1084
1059
882
860
942
1129
1115
1152
977
935
935
1114
1244
1206
1151
1122
1012
880
984
1188
1245
1384
1253
1029
953
1092
1320
1292
1256
1219
1016
972
969
1308
1271
1219
1243
1075
944
1117
1300
1276
1261
1208
1074
911
1125
1291
1291
1324
1283
1141
956
1162
1355
1340
1242
956
1030
1048
1241
1452
1390
1346
1180
1116
1039
1238
1384
1409
1288
1183
1172
998
1231
1287
1415
1414
1274
1122
971
1137
1359
1457
1349
1301
1154
943
1166
1321
1270
1297
1262
1101
946
1218
1249
1339
1302
1239
1142
1067
1189
1286
1314
1278
1302
1057
1054
1154
1283
1241
1286
1140
1049
1003
1100
1435
1326
1252
1254
1026
1040
1247
1268
1334
1192
1038
1072
1058
1292
1276
1201
1213
1113
948
973
1224
1310
1312
1191
1086
997
937
1244
1281
1339
1229
1167
983
914
1251
1228
1293
1167
1128
967
974
1247
1393
1267
1221
1117
974
910
1198
1290
1320
1223
1145
940
892
1301
1352
1289
1251
937
1017
1034
1267
1349
1364
1289
1251
1042
1019
1391
1509
1304
1324
1243
1001
996
1299
1393
1337
1351
1181
1059
982
1241
1339
1261
1110
900
1002
1019
1352
1419
1335
1370
1296
1081
1034
1365
1386
1397
1367
1308
1108
1056
1335
1417
1325
1236
1113
1078
931
1094
1215
1011
897
1091
1146
1086
1367
1464
1085
1489
1755
1674
1540
1734
1547
1601
1559
1139
1375
1395
1694
1627
1521
1692
1571
1388
1316
1603
1778
1624
1627
1517
1431
1302
1568
1727
1596
1493
1532
1360
1309
1627
1559
1557
1488
1543
1585
1289
1737
1854
1678
1681
1473
1165
1388
1690
1915
2008
1187
1151
1481
1453
1913
1801
1688
1722
1574
1431
1389
1757
1835
1860
1746
1755
1489
1365
1835
1957
1847
1851
1770
1439
1430
1767
1825
1813
1854
1744
1542
1492
1800
1937
1936
1843
1787
1520
1491
2106
2156
1980
1970
1800
1617
1519
1949
2274
2057
2008
1938
1614
1477
1871
1593
2012
1890
1848
1760
1472
1894
2267
2147
2099
1989
1646
1597
2058
2061
2048
1967
1757
1557
1547
1764
2069
1918
1923
1878
1642
1571
1831
2010
1940
1774
1799
1474
1402
1669
1922
1638
1840
1737
1575
1397
1762
2045
1889
1755
1896
1722
1668
2000
2292
2205
2215
1878
1796
1720
2055
2327
2297
2201
2172
1852
1717
2093
2160
2275
2397
2340
2016
1731
1997
2315
2146
2384
2100
2050
1797
2031
2408
2241
2237
2101
1642
1759
2104
2535
2475
2474
2386
2087
1810
2131
2499
2458
2505
2324
2029
1648
2172
2521
2561
2554
2417
2059
1840
2314
2354
2547
2532
2644
2192
1913
2306
2754
2674
2494
2532
2319
1998
2288
2560
2612
2596
2333
2095
1931
2201
2523
2324
2567
2402
2161
1967
2311
2497
2343
2266
2257
2032
2005
2223
2631
2553
2409
2212
1941
2082
2511
2355
2353
2255
2122
1871
1919
2436
2273
2229
2131
2088
1795
1807
2365
2590
2337
2292
2089
1808
1914
2497
2466
2249
2081
2019
1870
1854
2356
2296
2475
2352
2064
1785
1755
2371
2543
2483
2256
2231
1837
1713
2460
2634
2502
2215
2126
1916
1818
2379
2356
2367
2329
2101
1447
1793
2505
2577
2795
2421
2459
1963
1862
2434
2707
2715
2624
2363
1947
1875
2559
2760
2594
2637
2429
1972
1916
2423
2618
2344
2219
1866
1905
1960
2502
2969
2802
2664
2687
2268
2248
2738
2928
3081
2839
2671
14842
15432
17630
16591
13782
12122
10513
9432
9468
10035
10893
10680
8012
6657
7423
8364
9852
10541
10251
7565
9951
11121
11139
11163
10616
9790
10007
9745
9213
9467
11109
10626
10777
10311
10402
9570
9428
11476
10893
10639
10252
10228
9494
10126
12188
12128
12051
11518
10407
9839
10047
10961
10802
11010
10212
10004
9962
9851
11492
11105
10192
9873
9535
8550
8858
11170
12301
11958
11500
10603
9763
10196
11083
11093
10109
9911
9791
8656
9171
9919
10105
10492
10232
9661
9062
9527
10421
10371
10842
10122
9838
9089
9759
11287
10738
11521
10648
10340
9316
9577
10130
11306
11048
10602
10050
9065
9606
10824
11024
10975
10288
9222
9102
9285
10683
11127
10689
10725
10733
10072
9881
11357
12474
12448
11522
10840
9661
9366
10857
10723
10795
10708
10251
9485
9650
11826
11916
11940
10941
9836
9070
9247
11203
11250
10605
10611
9681
8687
9259
11111
11145
10883
10706
9573
9234
9412
11117
10685
9929
11253
10437
9504
9782
10753
11347
11350
11083
11337
9772
9320
10333
11207
12429
12082
10999
9955
9912
11351
11953
11624
11141
11526
10511
9782
11498
12520
12170
12306
12141
10964
10021
11889
13117
13100
9864
6876
8720
7426
11063
12065
10466
9021
11282
10061
8909
7661
11968
12945
12954
12452
11165
10180
11746
13310
13000
12829
12345
10759
9661
11592
13609
12770
12991
12274
11497
10005
11813
13483
13492
13268
12631
10768
10289
11964
13412
13061
12885
12205
10909
9943
11396
12830
13149
13022
12814
11750
10664
11817
13084
12428
12486
12041
11052
10983
12036
12636
11938
12013
11842
11001
10963
12008
12583
11406
10907
10716
10234
10428
11364
12089
9277
10582
9263
5514
10100
11377
11307
10510
10251
10388
9368
9933
11414
10721
10176
10126
9596
9070
9626
11015
10519
10621
9209
8995
8721
8901
9954
10039
10179
9781
8984
9327
9175
10589
11467
11104
10139
7839
8367
9923
11412
11367
11657
9060
10507
9665
9362
10907
11263
11023
10352
9715
8763
8087
8222
9174
10912
8210
6989
8845
10274
11707
11340
11345
11064
11828
10408
10357
10971
11432
10898
10957
10619
9824
9870
11126
11131
10030
11932
10902
10700
10767
12418
7787
7149
8428
10961
8917
10913
11634
8989
10685
10716
9895
9359
9206
10378
7585
11070
9754
8799
8512
8512
10183
10935
10770
10759
9080
8491
5474
6803
8433
9873
10090
10122
9262
8109
11561
8942
10715
11604
13268
11290
11820
12810
11822
12091
12122
12162
10939
3614
14175
14054
12460
12380
11784
11713
12983
13704
13099
12322
12382
11552
11195
12217
13899
12550
11676
11555
10723
10338
10819
12001
11469
11575
11964
11316
10334
10685
11476
11160
12283
11660
11732
10950
10813
12939
13998
13046
12019
12203
10053
10106
12557
11509
13258
11725
10999
9734
10378
11589
11705
11377
10942
10353
9740
10151
10252
11237
11189
10987
10555
9928
10186
11148
11817
11512
11390
11508
11564
11018
11854
13363
12662
12065
11892
10876
11266
11589
12117
11671
11103
10603
9971
10014
11436
11313
11682
11153
10551
9788
9747
11039
11611
11286
11150
10706
10206
10400
11604
11397
11082
10710
10546
9760
9764
10744
10909
10520
10296
9947
9509
9335
10317
10839
10710
10641
9834
9377
9569
10653
11009
10749
10454
9843
9210
8889
10289
11211
11167
10572
10287
9315
8818
9763
10858
11698
11214
10714
9838
8955
9665
10902
10886
10382
10409
9377
8857
9851
10778
11016
10927
10563
9813
8582
9889
11195
11245
11000
10561
9806
8650
9675
11372
11064
10754
10399
9040
7778
8413
8884
10799
10842
10364
9630
8329
9485
11340
10889
10490
10481
8792
7561
8873
10411
10643
10247
10156
9036
7951
8941
10360
10412
10046
9583
8607
7786
8803
9905
9853
9360
9311
8458
7475
8440
9779
9719
9566
9672
8683
7695
8443
9376
9201
9196
9526
11058
7605
8374
9648
9471
8692
8940
8280
7909
8583
12440
9301
8940
8651
8142
7815
8300
9277
8916
8558
8284
7759
7678
9091
10093
8793
5750
8533
7818
7505
8488
8903
9039
8889
8216
7643
7125
8423
9245
9033
8581
8395
7719
7375
8344
8986
9118
8888
8378
7915
7360
7987
9544
9138
8923
8769
7919
7414
8075
9059
8848
8647
8221
7822
7054
8229
8735
8606
8414
7716
7281
6969
7445
7890
8210
8861
8384
7753
7489
8331
8949
9098
8741
8596
8237
7581
8147
8932
8976
8362
8092
7372
4771
7046
7381
8338
8041
7181
7468
7455
8050
8727
8833
8615
7847
7499
6615
7299
7779
7865
7581
7358
7344
6705
7182
7699
7886
7507
7556
7081
6502
6778
7373
7482
7463
7243
6927
5437
4377
5920
6968
7451
7718
7459
6372
6640
9109
9150
8729
8587
7937
7776
8248
8681
6175
8888
8367
8055
7290
7893
9275
8978
8910
9760
8939
8048
8628
9000
8941
8309
8275
7895
7111
7985
8759
8665
8474
8165
7488
6787
7580
7744
8153
8039
7932
7690
7463
7353
8226
8389
8512
8496
8255
8072
9113
9389
11073
12088
11179
10727
8909
9148
10124
9215
8697
8794
8167
7742
9271
9169
8682
9320
9143
10032
9253
8553
9697
10463
9337
10792
9840
7409
8610
9533
10479
10083
8558
8749
7815
7273
11104
11124
9708
8327
7370
6412
6876
7529
7339
7354
6967
6801
6313
6832
7727
7365
7431
6996
7257
6447
6705
8212
7847
7724
7225
6879
6225
6926
7680
7530
7277
6897
6412
6103
6792
6960
7185
6679
6867
6537
6177
6508
7048
7007
7320
7125
6665
5965
6692
7322
7421
7300
7028
6205
5820
6475
7543
7334
6868
6748
6389
5889
6212
6902
7591
7435
7320
6540
6006
6503
7640
7552
7555
7395
6946
5998
6467
7111
7593
7877
7422
7275
6092
6454
7687
7896
7596
7579
6823
5882
6332
7917
7821
7566
7555
7008
5929
6350
7388
7062
7246
7584
7152
6107
6322
7944
8031
8998
8133
7587
6387
6706
8099
8192
7782
7856
7407
6332
8166
10647
9147
8758
8402
8775
6700
7040
8359
9094
8337
8016
7598
6586
6677
8302
8451
8095
7897
7665
6272
6714
8412
8000
7980
7669
7264
6281
6804
8161
8312
8181
7947
7424
6441
7321
8135
8445
8349
7839
7213
6438
7058
7859
7936
7563
7300
6955
6574
7211
7781
7660
7233
7216
9227
8031
8284
9270
8902
8625
8235
8015
7196
7954
9052
8766
8710
7666
7628
6733
7545
8546
8523
7847
7991
7512
6775
7489
8862
8441
8034
7811
7528
6797
6985
7983
7885
7789
7596
7104
6158
6889
7755
7512
7675
7655
7107
6049
7130
7818
6924
6915
7320
6946
2542
7460
7358
7721
7551
7323
7468
6728
7525
8177
7795
7576
7330
7243
6632
7027
8282
8180
7646
7291
6797
6582
6524
7988
7865
7751
7890
7285
5805
7075
7293
7747
7605
7272
7018
6044
6431
7044
7302
6946
6870
6416
6031
6713
7366
7013
6900
6853
6365
5452
5378
4965
6027
6446
6843
6622
6131
5644
6592
8352
7902
7759
7542
6853
7552
7661
8404
7877
7860
7576
6949
7485
8716
8710
8290
7823
7947
6874
7738
8321
8807
8333
8259
7924
7143
7609
8598
8473
8078
7939
7515
7073
7577
8150
8226
8179
7945
7401
6997
7677
8276
7897
7463
7507
7878
6857
7492
8466
8710
8370
8210
7433
7213
8009
8226
8089
7860
7910
6760
6803
7259
8106
7872
7925
6539
6958
6792
7197
7763
7620
7405
7123
7118
6694
7106
7716
7461
7411
7120
6977
6523
6923
7596
7610
7526
7188
7048
6225
6739
7520
7681
7688
7333
7219
6531
6792
8384
7959
9053
8186
8585
7694
7774
8288
8185
7757
7747
6770
6395
6898
7551
7433
7337
6705
6742
6529
6494
7195
6972
7295
6976
6943
7266
6868
8118
7810
7131
7359
7040
6388
6733
7288
7314
8011
7056
6381
5944
6622
7514
7526
7072
6444
6497
6017
6080
7377
7361
7734
7578
6948
6358
6926
7824
7743
7659
7373
6932
6340
6480
7404
7630
7871
7463
7108
6348
6823
7895
7989
8079
7948
7242
6058
6377
7905
7853
7687
7427
7140
5763
6314
7628
7884
7018
7077
7006
6299
6751
7970
7753
7487
7536
6954
5900
6227
7798
7923
7087
7867
7090
5590
5969
7492
6748
6313
7836
7331
5937
6441
7820
7878
7567
7403
6954
6147
6281
7623
8080
7658
7415
7195
5989
6469
7639
7753
7550
7496
7086
5962
6395
7535
7698
7712
7325
7197
6100
6715
7635
7619
7451
7422
7061
6162
6549
7355
7675
7284
7008
7009
6650
7016
7459
7233
7345
7208
7026
6278
6890
7322
7441
7158
7010
6736
6675
6981
7624
7215
7254
7166
6603
6110
6985
7854
7512
7421
7005
6982
6376
7119
7940
7821
7697
7482
6781
6240
6877
7514
7282
7370
7391
7040
6242
7224
7673
7792
7544
6991
6779
6256
6892
7654
7011
6857
6852
7077
6572
7312
7305
7561
7252
7141
6839
6579
6917
7387
7434
7142
6987
6334
6025
6976
7214
7123
6965
6521
6593
6083
6982
7490
7467
7414
7351
6694
6399
7067
7990
7543
7495
7135
6502
6469
7528
8162
7283
7093
6493
6519
5907
6429
7101
6692
6564
6364
6479
5705
5662
5577
4973
6472
6522
6622
6166
6426
6187
6605
8314
7721
7736
7929
7953
7900
7666
7487
7503
7392
7226
7692
9042
8432
7783
7665
7552
7064
7255
8380
7801
7829
8540
7168
6735
7272
41463
11779
7696
7349
7906
6514
7068
7683
7471
7445
7518
6765
6509
6974
7475
7327
6863
6157
6364
6252
7080
7855
7593
7531
7026
6954
6591
7324
7198
7554
7202
7361
6980
6854
7277
7348
7145
7099
7065
6394
6354
6801
7198
7388
7086
8353
7598
6872
7513
7865
7476
7596
7332
7499
6994
6943
8355
8173
7681
7423
7099
6387
7119
7700
7600
7246
7076
6608
6146
6863
7729
7428
7127
6891
6553
6233
6914
7507
7334
7268
6903
6760
6122
6816
7465
7448
6873
6664
6266
6334
7642
8185
8376
6897
6531
6060
9212
11136
7169
7209
7159
6908
7291
6251
7975
8419
8685
8447
11130
7012
7820
9127
8651
15881
8465
6900
6994
10228
6736
7747
8393
7525
8668
10670
9538
7066
7581
7975
7489
7441
8099
11551
9109
9519
9951
9285
8261
7923
6887
7324
7694
7853
7649
7732
8424
6251
6713
9311
8026
7692
7376
7246
6870
6590
7656
7827
7861
7503
6716
6033
6948
8218
8174
8781
8442
8284
7613
6625
7995
8269
7582
7509
7875
8630
7319
7677
7734
7721
7317
6885
5999
6284
8095
11538
37606
11634
7848
7005
6516
7920
8031
7886
7736
7023
6562
6702
7762
7542
7870
7543
7170
6123
6425
7529
7890
7649
7519
7235
8098
7155
7732
8127
7602
7719
7088
6557
6854
7433
7909
7417
7386
6806
6524
7153
8526
9592
8295
7304
6892
6343
6840
7026
7008
7004
7222
7376
6899
7011
8113
8377
8642
8785
8237
6943
8969
9247
10044
9153
8245
7074
6822
8237
8406
9248
7349
7420
8241
8002
11369
13726
11806
9559
12997
10723
9407
11192
10741
10877
10055
11946
8755
8110
9746
10960
9922
9317
8488
9280
10271
9403
13105
13156
13739
11245
11946
8989
8448
8993
12264
12177
9892
12479
14005
8350
11349
8295
10980
12837
10576
8812
8891
9560
16843
10022
8683
9854
9589
22652
17491
11376
10228
8214
10415
11087
8460
8644
8565
9617
11053
13053
8728
9091
10425
10831
12963
9730
7612
8343
9519
9278
10989
17906
16263
20235
20817
24136
20917
21533
22817
25241
19249
17812
26570
28441
22318
29758
26801
19020
18921
13748
17090
18388
17759
17983
16336
14804
15257
15059
13806
12779
14155
14446
20138
13459
15343
16417
17362
12719
16102
18982
19495
15389
19470
17274
16843
19404
20469
10589
30310
34903
31578
22291
18379
24101
24568
28468
24528
25082
17444
12851
9180
10876
14084
14911
15036
22170
19682
17081
19520
18335
16580
18559
12983
13925
7884
9291
18927
17358
14085
13389
14016
15092
9080
16690
13082
16821
12293
9090
10751
9531
14785
22351
16788
16312
19597
12104
19449
12432
11526
10263
9328
14635
17845
10247
10165
25448
14292
12507
17337
22596
22194
23330
15418
15492
18760
16252
22476
14867
25627
25506
30592
18890
20022
15681
11667
15832
15765
20297
18723
25369
17554
19399
14209
21049
18893
18583
16160
17390
20771
18091
19687
19206
17263
23112
15468
8293
9792
12903
9792
14083
21169
22107
20384
16572
11164
13142
17424
17735
17930
14423
17006
19689
21500
20634
16888
12388
8387
13516
22249
17835
16937
15988
10129
9678
17511
21015
21762
20945
20571
26378
31314
34849
24582
11645
13758
11331
10285
10484
19664
15510
11626
12349
10894
9799
9422
10774
10713
12455
21027
21869
11132
12750
14021
23990
12279
15442
9825
20408
8712
17124
37707
22616
13542
14554
11585
15547
17640
18967
20022
14891
11806
10426
9191
16717
16847
16426
13168
14882
15192
16496
14515
16267
12890
21895
14989
11077
10024
11699
18971
25347
15422
10735
9741
27973
9415
12201
9407
18008
9101
44200
7977
21184
27429
13189
18368
20515
20858
22727
23385
