58
63
70
56
85
84
95
66
76
76
159
85
73
76
89
88
90
100
85
103
91
66
63
75
70
44
45
56
61
51
66
60
24
23
29
44
35
50
71
59
60
40
78
29
27
47
38
40
44
32
46
38
36
32
22
39
28
25
20
7
0
3
2
14
21
27
19
12
8
24
13
4
10
11
7
7
0
0
9
3
18
24
7
20
13
7
5
9
13
13
4
6
12
14
17
9
14
21
26
30
38
13
25
51
40
33
65
34
38
52
49
72
46
45
44
39
63
38
43
43
48
44
47
47
49
50
51
71
77
60
46
57
67
60
75
58
72
48
66
76
61
51
60
61
70
91
81
72
107
99
94
91
101
89
90
46
44
73
46
60
40
77
34
68
69
69
78
77
57
32
34
33
33
36
54
27
68
46
61
61
60
60
40
34
44
30
30
30
28
28
26
26
24
26
25
22
20
20
27
30
16
14
14
13
12
11
37
6
27
3
3
4
4
5
6
19
27
30
43
33
30
33
22
41
43
44
55
53
54
66
46
43
78
77
53
67
75
78
91
112
74
64
64
97
74
94
119
120
149
158
148
112
104
143
80
51
70
83
110
126
104
104
132
102
36
46
47
65
153
120
68
59
101
90
100
96
101
91
31
92
38
57
77
56
51
79
61
64
55
29
51
33
41
28
28
13
29
26
41
43
47
65
56
44
51
29
18
7
8
14
18
12
4
0
12
11
4
12
1
8
3
6
15
8
22
12
6
22
11
19
1
24
16
30
35
40
45
37
39
96
80
81
95
112
116
107
146
157
177
109
134
145
239
172
153
140
172
156
150
105
115
166
118
145
140
114
143
112
111
124
114
110
70
98
98
95
107
88
86
86
94
77
60
59
99
75
53
68
105
98
74
66
51
27
67
35
54
38
37
41
54
38
37
44
34
23
32
30
28
39
27
28
23
25
32
20
18
8
15
11
13
8
11
10
6
9
6
10
10
8
17
14
7
8
9
16
21
26
36
20
32
47
40
27
37
48
48
85
92
59
83
90
112
112
116
113
135
106
87
127
135
99
128
137
157
157
142
174
138
129
143
109
113
154
142
136
141
142
95
130
114
125
120
123
124
120
117
103
112
90
134
136
103
128
96
94
93
91
69
87
77
84
82
74
73
62
74
77
74
64
71
43
67
62
67
66
58
64
63
76
62
61
46
60
59
59
57
56
56
55
56
53
52
51
50
29
24
47
44
46
45
44
38
28
56
42
41
40
11
29
67
51
21
40
13
19
31
17
13
26
14
20
25
18
22
24
16
32
21
7
27
2
18
11
8
5
14
4
4
4
7
11
4
6
6
7
6
3
2
4
12
1
0
0
0
3
2
2
13
10
2
13
22
8
8
11
2
0
0
5
3
9
7
9
14
0
5
24
21
20
12
12
11
40
27
29
30
31
32
31
35
39
34
33
40
48
48
47
41
42
44
46
48
50
52
39
35
50
50
51
30
25
44
36
48
34
45
54
51
48
45
48
48
51
33
35
30
43
53
62
61
60
61
44
51
38
39
41
38
43
44
29
41
38
39
30
33
28
26
26
30
26
24
27
25
24
12
12
10
24
10
12
13
12
6
8
3
0
0
5
0
12
14
14
7
8
12
5
11
12
7
9
1
3
2
8
0
0
0
0
0
0
0
0
0
0
0
0
0
0
0
0
0
0
0
0
0
0
0
0
7
0
2
6
1
1
11
2
1
0
1
1
1
16
5
4
8
10
0
10
2
17
6
11
18
8
15
28
17
14
22
12
6
24
6
15
19
2
8
19
15
20
19
32
26
32
10
56
36
47
32
34
37
65
26
69
74
59
44
44
39
23
48
56
38
30
36
58
96
26
21
40
50
45
37
26
29
28
35
22
25
35
53
36
28
32
26
32
11
26
33
21
4
20
20
35
31
26
15
28
25
31
19
27
5
19
29
11
21
26
5
9
8
9
22
4
6
9
2
2
3
5
4
19
4
0
0
1
16
14
2
6
8
2
0
0
0
0
0
0
1
0
0
0
1
0
0
0
0
20
22
11
0
19
3
0
0
1
21
25
0
1
5
16
22
4
16
15
31
26
16
16
12
22
18
18
37
24
32
37
53
40
19
51
40
68
35
47
58
46
56
57
42
54
50
56
48
46
53
64
65
61
89
98
54
76
50
55
57
47
43
49
72
95
67
74
91
78
53
57
68
57
52
72
85
106
66
65
44
51
62
84
81
82
48
50
93
55
38
33
45
55
38
46
44
29
31
56
55
27
41
27
14
9
8
21
14
28
11
15
12
3
13
1
7
6
12
8
6
10
5
18
4
1
9
8
9
4
12
25
31
35
8
25
20
62
44
33
60
59
101
95
100
78
89
108
98
143
111
125
117
108
95
137
121
206
188
176
135
138
112
158
163
134
96
124
107
130
145
85
141
127
138
95
108
79
74
91
77
80
106
103
78
62
54
55
85
131
133
91
69
64
81
88
68
66
69
49
61
58
74
55
54
54
24
30
30
40
68
56
31
39
37
29
20
39
20
22
22
27
25
21
13
27
18
38
41
18
13
4
8
10
21
11
10
12
4
5
19
13
9
15
14
21
12
4
21
24
7
22
11
22
26
44
43
57
48
31
31
32
30
41
39
60
39
51
64
69
60
65
47
55
107
56
60
66
63
45
86
45
75
85
52
141
161
180
139
110
159
112
109
107
102
129
139
133
100
132
115
160
157
132
96
103
81
81
78
68
94
72
99
97
78
89
83
44
62
70
39
62
86
71
55
61
76
105
65
57
63
63
36
57
68
63
51
71
68
66
61
65
55
47
42
40
38
67
54
45
41
43
38
48
35
40
46
50
34
42
29
23
15
20
21
27
24
21
19
16
22
13
28
22
12
11
17
4
9
5
0
3
0
10
4
3
1
5
0
7
0
5
5
6
4
5
8
7
14
7
5
11
29
16
22
17
42
41
31
37
39
35
58
38
41
45
57
55
80
91
52
67
84
88
90
86
91
87
95
107
106
115
97
81
82
88
99
71
107
109
117
100
92
90
98
96
62
78
101
99
57
88
78
83
80
67
54
81
63
65
44
54
64
84
73
63
67
42
51
41
48
57
66
41
54
41
33
48
22
40
38
41
58
47
66
36
41
58
55
55
29
34
58
29
49
39
40
29
35
34
27
38
22
17
25
13
32
38
25
18
13
17
9
13
7
14
9
2
0
1
9
5
3
2
5
5
10
14
10
25
16
16
27
37
27
31
29
34
47
62
59
68
61
60
53
41
104
108
59
80
81
59
78
104
77
115
158
160
176
136
132
154
136
146
148
130
88
125
143
162
146
92
103
110
80
89
105
90
80
120
88
102
108
110
106
93
115
103
112
84
87
107
98
76
48
45
67
68
47
47
55
49
61
64
46
32
45
38
68
61
28
34
29
29
15
22
34
29
12
24
13
15
2
13
18
10
14
15
31
2
5
2
15
9
10
14
10
8
24
9
12
16
22
14
6
6
17
7
14
2
3
7
8
0
6
6
0
0
5
1
4
1
1
1
0
6
2
5
8
11
6
12
13
7
24
27
19
20
24
34
22
48
66
43
31
30
36
53
52
52
44
61
77
58
53
64
55
47
45
70
67
96
64
45
45
40
58
59
84
42
61
47
43
82
32
76
81
46
53
84
85
76
92
87
88
76
67
51
53
56
62
48
37
47
43
72
50
55
73
84
67
50
40
39
31
22
30
26
57
44
31
27
30
17
21
9
0
13
10
13
4
7
20
16
23
21
7
7
7
21
13
7
8
5
7
7
3
3
9
2
11
7
1
9
7
4
2
6
9
21
7
2
0
7
5
1
5
2
5
1
12
9
17
11
10
8
14
22
10
21
41
48
59
33
54
52
42
33
69
76
50
70
80
76
77
101
63
71
65
79
75
73
66
88
85
90
89
129
78
80
75
94
83
85
52
82
101
99
106
70
66
76
57
60
63
67
61
77
68
72
48
69
58
68
47
71
29
57
52
44
28
49
45
27
61
29
38
43
41
29
29
31
20
11
28
22
48
14
8
33
30
36
38
15
26
22
9
31
35
34
31
13
20
9
18
14
8
21
14
3
8
13
8
11
9
14
9
16
15
12
8
4
8
13
5
0
0
2
5
0
10
6
1
1
1
4
4
0
6
0
12
0
3
1
1
2
8
16
10
1
8
17
14
26
15
16
28
29
11
39
45
46
32
25
37
43
40
42
51
58
30
54
38
55
55
86
57
39
48
49
73
59
55
79
107
56
46
31
65
55
58
63
104
48
56
18
39
65
76
108
61
53
43
40
50
54
85
65
62
47
39
34
29
58
41
48
40
91
87
32
46
40
57
47
66
32
36
23
36
23
39
58
56
54
26
32
21
8
22
12
14
12
26
38
5
6
3
9
8
17
9
2
4
4
4
3
4
2
0
0
5
5
4
4
3
0
10
5
1
6
2
3
1
1
0
0
2
0
1
3
1
4
3
3
3
17
5
11
5
8
13
8
16
22
23
42
39
41
33
69
72
70
50
54
43
35
45
55
67
72
75
68
54
35
45
51
66
53
75
72
95
75
114
115
120
155
129
72
96
129
96
65
72
81
77
59
108
102
80
85
83
59
48
80
67
52
88
111
65
69
55
53
42
35
51
54
70
15
33
39
28
19
36
50
27
30
32
28
27
32
22
34
42
23
18
18
18
20
12
26
55
11
8
6
11
7
5
6
7
18
5
2
3
6
3
9
4
1
13
12
10
3
1
5
2
11
21
24
28
19
25
26
23
17
6
23
18
32
43
48
39
38
60
69
59
99
72
70
63
39
64
74
52
62
61
72
61
79
82
93
70
94
79
59
55
54
68
63
67
45
84
74
85
81
77
91
98
84
90
61
50
59
69
63
50
53
58
72
70
66
34
54
81
108
65
50
35
38
37
29
22
25
32
34
36
26
15
43
30
31
25
15
17
13
19
10
19
18
12
11
11
11
18
22
10
7
4
9
8
11
12
22
10
3
3
5
3
0
5
3
1
0
3
8
4
11
20
7
9
8
4
6
9
15
19
21
23
12
27
46
34
30
42
53
64
62
63
74
77
75
55
70
52
87
76
89
115
123
133
129
84
109
117
130
145
138
101
125
74
89
98
119
87
101
127
98
165
116
90
99
122
93
80
77
65
109
118
101
98
106
113
88
68
42
51
59
83
61
54
84
68
106
67
55
58
68
46
45
46
33
30
60
67
60
66
46
38
34
36
53
54
61
25
11
18
20
17
19
31
23
12
29
27
26
14
8
13
19
10
8
10
19
4
1
11
0
3
5
5
17
14
17
11
28
19
13
22
32
31
36
43
26
35
69
46
27
48
86
77
76
85
74
116
107
94
102
124
122
116
133
130
150
201
164
158
189
169
164
128
117
109
86
95
190
174
168
142
158
143
136
96
138
119
182
158
147
106
122
126
124
145
132
144
118
102
95
110
113
106
84
91
85
51
61
55
54
60
60
56
93
109
101
62
61
83
52
52
46
41
23
22
29
23
36
39
55
28
24
22
34
27
4
10
28
13
22
9
24
19
8
2
3
0
1
11
2
1
0
5
8
2
7
9
8
23
21
5
11
29
32
27
41
43
59
89
77
74
124
118
111
137
117
129
170
173
155
201
192
165
130
157
175
165
201
187
158
236
254
211
239
203
165
191
196
175
172
191
200
201
182
152
188
217
143
186
163
172
169
150
200
145
111
124
125
146
106
102
122
120
110
122
134
127
83
90
86
58
46
53
61
51
77
70
56
64
38
33
40
39
50
46
46
44
42
22
22
51
40
27
23
20
24
17
29
43
36
20
33
39
35
23
15
15
18
17
9
10
9
3
9
5
6
7
15
18
14
12
7
24
16
12
9
17
20
16
17
28
24
25
49
45
48
57
51
50
57
57
70
111
94
112
70
87
67
92
107
77
88
94
126
122
112
92
81
127
110
96
109
117
108
86
110
104
121
136
107
120
106
97
98
91
96
94
98
112
128
103
110
128
107
113
93
100
87
95
84
91
79
61
72
58
50
81
61
50
52
63
82
62
88
80
63
81
88
77
77
64
61
42
45
43
43
46
58
42
38
23
26
59
31
24
23
28
26
21
40
40
36
56
34
40
47
25
21
19
12
12
5
9
11
28
40
14
9
19
8
8
4
22
19
12
12
2
16
14
21
5
15
16
23
9
13
19
39
21
30
44
44
29
43
52
94
77
100
83
95
70
58
138
125
98
123
167
138
138
102
134
150
159
142
188
186
183
176
160
155
126
164
180
157
136
135
155
165
148
174
114
141
136
156
128
91
144
159
167
162
138
150
111
164
154
122
82
110
106
108
119
95
98
127
84
51
67
81
99
91
82
72
50
56
33
33
57
85
84
70
76
46
37
26
16
12
23
19
17
16
17
16
28
24
31
11
4
19
16
17
3
23
15
19
14
1
18
7
4
35
15
7
10
2
15
40
33
17
33
39
34
61
40
27
59
40
76
88
60
102
114
112
120
125
125
179
161
165
131
131
139
196
127
169
177
159
173
166
177
131
140
140
132
105
149
200
125
146
131
130
137
168
142
140
121
170
174
176
125
144
108
144
150
161
107
100
74
65
86
65
64
89
92
83
59
91
70
62
61
50
58
42
22
56
36
49
58
36
32
16
18
28
35
23
26
44
18
26
24
30
31
14
15
16
15
14
12
21
9
10
12
4
9
5
6
12
8
14
2
1
18
13
6
8
9
16
19
13
10
24
51
24
39
41
32
40
55
53
56
71
67
92
93
56
74
82
62
66
69
64
106
138
114
94
72
117
133
85
90
113
139
126
122
125
170
131
110
99
107
104
96
81
114
108
97
134
82
106
151
126
107
132
114
107
98
121
121
88
100
116
110
98
96
81
80
46
61
60
55
77
83
73
49
66
67
47
37
46
49
39
42
43
51
41
28
48
44
18
31
29

